500.000000
500.000000
500.000000
500.000000
500.000000
500.000000
497.440247
497.440247
493.600555
493.600555
489.760864
489.760864
484.669769
484.669769
477.075775
477.075775
469.481781
469.481781
461.887756
461.887756
450.771667
450.771667
439.655579
439.655579
428.539520
428.539520
415.260681
415.260681
400.900452
400.900452
386.540222
386.540222
371.215271
371.215271
353.960876
353.960876
336.706482
336.706482
319.452057
319.452057
299.862579
299.862579
280.273071
280.273071
260.683594
260.683594
239.863831
239.863831
218.428986
218.428986
196.994095
196.994095
175.121017
175.121017
152.371552
152.371552
129.622070
129.622070
106.872581
106.872581
83.559502
83.559502
60.246407
60.246407
36.933319
36.933319
31.329748
31.329748
31.329748
31.329748
31.329748
31.329748
33.063801
33.063801
33.063801
33.063801
33.063801
33.063801
33.063801
33.063801
34.451042
34.451042
34.451042
34.451042
34.451042
34.451042
35.560833
35.560833
35.560833
35.560833
35.560833
35.560833
36.448666
36.448666
36.448666
36.448666
36.448666
36.448666
36.448666
36.448666
36.661743
36.661743
36.874828
36.874828
37.087906
37.087906
37.272572
37.272572
37.443035
37.443035
37.613503
37.613503
37.772606
37.772606
37.908978
37.908978
38.045345
38.045345
38.181717
38.181717
38.290821
38.290821
38.399910
38.399910
38.509007
38.509007
38.603558
38.603558
38.690834
38.690834
38.778114
38.778114
38.859577
38.859577
38.929394
38.929394
38.999218
38.999218
39.069042
39.069042
39.124901
39.124901
39.180759
39.180759
39.236614
39.236614
39.285027
39.285027
39.329712
39.329712
39.374397
39.374397
39.416103
39.416103
39.451851
39.451851
39.487602
39.487602
39.523350
39.523350
39.551949
39.551949
39.580547
39.580547
39.609146
39.609146
39.633934
39.633934
39.656811
39.656811
39.679691
39.679691
39.701046
39.701046
39.719349
39.719349
39.737652
39.737652
39.755955
39.755955
39.770599
39.770599
39.785240
39.785240
39.799885
39.799885
39.812572
39.812572
39.824287
39.824287
39.836006
39.836006
39.846939
39.846939
39.856308
39.856308
39.865677
39.865677
39.875050
39.875050
39.882545
39.882545
39.890045
39.890045
39.897541
39.897541
39.904015
39.904015
39.909969
39.909969
39.915928
39.915928
39.919899
39.919899
39.919899
39.919899
39.919899
39.919899
39.919899
39.919899
39.919899
39.919899
39.919899
39.919899
39.919899
39.919899
39.919899
39.919899
39.919899
39.919899
39.919899
39.919899
39.919899
39.919899
39.919899
39.919899
39.919899
39.919899
39.919899
39.919899
39.919899
39.919899
39.919899
39.919899
39.919899
39.919899
39.919899
39.919899
39.919899
39.919899
39.919899
39.919899
39.919899
39.919899
39.919899
39.919899
39.919899
39.919899
39.919899
39.919899
39.919899
39.919899
39.919899
39.919899
39.919899
39.919899
39.919899
39.919899
39.919899
39.919899
39.919899
39.919899
39.919899
39.919899
39.919899
39.919899
39.919899
39.919899
39.919899
39.919899
39.919899
39.919899
39.919899
39.919899
39.919899
39.919899
39.919899
39.919899
39.919899
39.919899
39.919899
39.919899
39.919899
39.919899
39.919899
39.919899
39.919899
39.919899
39.919899
39.919899
39.919899
39.919899
39.919899
39.919899
39.919899
39.919899
39.919899
39.919899
39.919899
39.919899
39.919899
39.919899
39.919899
39.919899
39.919899
39.919899
39.919899
39.919899
39.919899
39.919899
39.919899
39.919899
39.919899
39.919899
39.919899
39.919899
39.919899
39.919899
39.919899
39.919899
39.919899
39.919899
39.919899
39.919899
39.919899
39.919899
39.919899
39.919899
39.919899
39.919899
39.919899
39.919899
39.919899
39.919899
39.919899
39.919899
39.919899
39.919899
39.919899
39.919899
39.919899
39.919899
39.919899
39.919899
39.919899
39.919899
39.919899
39.919899
39.919899
39.919899
39.919899
39.919899
39.919899
39.919899
39.919899
39.919899
39.919899
39.919899
39.919899
39.919899
39.919899
39.919899
39.919899
39.919899
39.919899
39.919899
39.919899
39.919899
39.919899
39.919899
39.919899
39.919899
39.919899
39.919899
39.919899
39.919899
39.919899
39.919899
39.919899
39.919899
39.919899
39.919899
39.919899
39.919899
39.919899
39.919899
39.919899
39.919899
39.919899
39.919899
39.919899
39.919899
39.919899
39.919899
39.919899
39.919899
39.919899
39.919899
39.919899
39.919899
39.919899
39.919899
39.919899
39.919899
39.919899
39.919899
39.919899
39.919899
39.919899
39.919899
39.919899
39.919899
39.919899
39.919899
39.919899
39.919899
39.919899
39.919899
39.919899
39.919899
39.919899
39.919899
39.919899
39.919899
39.919899
39.919899
39.919899
39.919899
39.919899
39.919899
39.919899
39.919899
39.919899
39.919899
39.919899
39.919899
39.919899
39.919899
39.919899
39.919899
39.919899
39.919899
39.919899
39.919899
39.919899
39.919899
39.919899
39.919899
39.919899
39.919899
39.919899
39.919899
39.919899
39.919899
39.919899
39.919899
39.919899
39.919899
39.919899
39.919899
39.919899
39.919899
39.919899
39.919899
39.919899
39.919899
39.919899
39.919899
39.919899
39.919899
39.919899
39.919899
39.919899
39.919899
39.919899
39.919899
39.919899
39.919899
39.919899
39.919899
39.919899
39.919899
39.919899
39.919899
39.919899
39.919899
39.919899
39.919899
39.919899
39.919899
39.919899
39.919899
39.919899
39.919899
39.919899
39.919899
39.919899
39.919899
39.919899
39.919899
39.919899
39.919899
39.919899
39.919899
39.919899
39.919899
39.919899
39.919899
39.919899
39.919899
39.919899
39.919899
39.919899
39.919899
39.919899
39.919899
39.919899
39.919899
39.919899
39.919899
39.919899
39.919899
39.919899
39.919899
39.919899
39.919899
39.919899
39.919899
39.919899
39.919899
39.919899
39.919899
39.919899
39.919899
39.919899
39.919899
39.919899
39.919899
39.919899
39.919899
39.919899
39.919899
39.919899
39.919899
39.919899
39.919899
39.919899
39.919899
39.919899
39.919899
39.919899
39.919899
39.919899
39.919899
39.919899
39.919899
39.919899
39.919899
39.919899
39.919899
39.919899
39.919899
39.919899
39.919899
39.919899
39.919899
39.919899
39.919899
39.919899
39.919899
39.919899
39.919899
39.919899
39.919899
39.919899
39.919899
39.919899
39.919899
39.919899
39.919899
39.919899
39.919899
39.919899
39.919899
39.919899
39.919899
39.919899
39.919899
39.919899
39.919899
39.919899
39.919899
39.919899
39.919899
39.919899
39.919899
39.919899
39.919899
39.919899
39.919899
39.919899
39.919899
39.919899
39.919899
39.919899
39.919899
39.919899
39.919899
39.919899
39.919899
39.919899
39.919899
39.919899
39.919899
39.919899
39.919899
39.919899
39.919899
39.919899
39.919899
39.919899
39.919899
39.919899
39.919899
39.919899
39.919899
39.919899
39.919899
39.919899
39.919899
39.919899
39.919899
39.919899
39.919899
39.919899
39.919899
39.919899
39.919899
39.919899
39.919899
39.919899
39.919899
39.919899
39.919899
39.919899
39.919899
39.919899
39.919899
39.919899
39.919899
39.919899
39.919899
39.919899
39.919899
39.919899
39.919899
39.919899
39.919899
39.919899
39.919899
39.919899
39.919899
39.919899
39.919899
39.919899
39.919899
39.919899
39.919899
39.919899
39.919899
39.919899
39.919899
39.919899
39.919899
39.919899
39.919899
39.919899
39.919899
39.919899
39.919899
39.919899
39.919899
39.919899
39.919899
39.919899
39.919899
39.919899
39.919899
39.919899
39.919899
39.919899
39.919899
39.919899
39.919899
39.919899
39.919899
39.919899
39.919899
39.919899
39.919899
39.919899
39.919899
39.919899
39.919899
39.919899
39.919899
39.919899
39.919899
39.919899
39.919899
39.919899
39.919899
39.919899
39.919899
39.919899
39.919899
39.919899
39.919899
39.919899
39.919899
39.919899
39.919899
39.919899
39.919899
39.919899
39.919899
39.919899
39.919899
39.919899
39.919899
39.919899
39.919899
39.919899
39.919899
39.919899
39.919899
39.919899
39.919899
39.919899
39.919899
500.000000
500.000000
500.000000
500.000000
500.000000
500.000000
500.000000
500.000000
500.000000
500.000000
500.000000
500.000000
500.000000
500.000000
500.000000
500.000000
500.000000
500.000000
500.000000
500.000000
500.000000
500.000000
500.000000
500.000000
500.000000
500.000000
500.000000
500.000000
500.000000
500.000000
500.000000
500.000000
500.000000
500.000000
500.000000
500.000000
500.000000
500.000000
500.000000
500.000000
500.000000
500.000000
500.000000
500.000000
500.000000
500.000000
500.000000
500.000000
500.000000
500.000000
500.000000
500.000000
500.000000
500.000000
500.000000
500.000000
500.000000
500.000000
500.000000
500.000000
500.000000
500.000000
500.000000
500.000000
500.000000
500.000000
500.000000
500.000000
500.000000
500.000000
500.000000
500.000000
500.000000
500.000000
500.000000
500.000000
500.000000
500.000000
500.000000
500.000000
500.000000
500.000000
500.000000
500.000000
500.000000
500.000000
500.000000
500.000000
500.000000
500.000000
500.000000
500.000000
500.000000
500.000000
500.000000
500.000000
500.000000
500.000000
500.000000
500.000000
500.000000
500.000000
500.000000
500.000000
500.000000
500.000000
500.000000
500.000000
500.000000
500.000000
500.000000
500.000000
500.000000
500.000000
500.000000
500.000000
500.000000
500.000000
500.000000
500.000000
500.000000
500.000000
500.000000
500.000000
500.000000
500.000000
500.000000
500.000000
500.000000
500.000000
500.000000
500.000000
500.000000
500.000000
500.000000
500.000000
500.000000
500.000000
500.000000
500.000000
500.000000
500.000000
500.000000
500.000000
500.000000
500.000000
500.000000
500.000000
500.000000
500.000000
500.000000
500.000000
500.000000
500.000000
500.000000
500.000000
500.000000
500.000000
500.000000
500.000000
500.000000
500.000000
500.000000
500.000000
500.000000
500.000000
500.000000
500.000000
500.000000
500.000000
500.000000
500.000000
500.000000
500.000000
500.000000
500.000000
500.000000
500.000000
500.000000
500.000000
500.000000
500.000000
500.000000
500.000000
500.000000
500.000000
500.000000
500.000000
500.000000
500.000000
500.000000
500.000000
500.000000
500.000000
500.000000
500.000000
500.000000
500.000000
500.000000
500.000000
500.000000
500.000000
500.000000
500.000000
500.000000
500.000000
500.000000
500.000000
500.000000
500.000000
500.000000
500.000000
500.000000
500.000000
500.000000
500.000000
500.000000
500.000000
500.000000
500.000000
500.000000
500.000000
500.000000
500.000000
500.000000
500.000000
500.000000
500.000000
500.000000
500.000000
500.000000
500.000000
500.000000
500.000000
500.000000
500.000000
500.000000
500.000000
500.000000
500.000000
500.000000
500.000000
500.000000
500.000000
500.000000
500.000000
500.000000
500.000000
500.000000
500.000000
500.000000
500.000000
500.000000
500.000000
500.000000
500.000000
500.000000
500.000000
500.000000
500.000000
500.000000
500.000000
500.000000
500.000000
500.000000
500.000000
500.000000
500.000000
500.000000
500.000000
500.000000
500.000000
500.000000
500.000000
500.000000
500.000000
500.000000
500.000000
500.000000
500.000000
500.000000
500.000000
500.000000
500.000000
500.000000
500.000000
500.000000
500.000000
500.000000
500.000000
500.000000
500.000000
500.000000
500.000000
500.000000
500.000000
500.000000
500.000000
500.000000
500.000000
500.000000
500.000000
500.000000
500.000000
500.000000
500.000000
500.000000
500.000000
500.000000
500.000000
500.000000
500.000000
500.000000
500.000000
500.000000
500.000000
500.000000
500.000000
500.000000
500.000000
500.000000
500.000000
500.000000
500.000000
500.000000
500.000000
500.000000
500.000000
500.000000
500.000000
500.000000
500.000000
500.000000
500.000000
500.000000
500.000000
500.000000
500.000000
500.000000
500.000000
500.000000
500.000000
500.000000
500.000000
500.000000
500.000000
500.000000
500.000000
500.000000
500.000000
500.000000
500.000000
500.000000
500.000000
500.000000
500.000000
500.000000
500.000000
500.000000
500.000000
500.000000
500.000000
500.000000
500.000000
500.000000
500.000000
500.000000
500.000000
500.000000
500.000000
500.000000
500.000000
500.000000
500.000000
500.000000
500.000000
500.000000
500.000000
500.000000
500.000000
500.000000
500.000000
500.000000
500.000000
500.000000
500.000000
500.000000
500.000000
500.000000
500.000000
500.000000
500.000000
500.000000
500.000000
500.000000
500.000000
500.000000
500.000000
500.000000
500.000000
500.000000
500.000000
500.000000
500.000000
500.000000
500.000000
500.000000
500.000000
500.000000
500.000000
500.000000
500.000000
500.000000
500.000000
500.000000
500.000000
500.000000
500.000000
500.000000
500.000000
500.000000
500.000000
500.000000
500.000000
500.000000
500.000000
500.000000
500.000000
500.000000
500.000000
500.000000
500.000000
500.000000
500.000000
500.000000
500.000000
500.000000
500.000000
500.000000
500.000000
500.000000
500.000000
500.000000
500.000000
500.000000
500.000000
500.000000
500.000000
500.000000
500.000000
500.000000
500.000000
500.000000
500.000000
500.000000
500.000000
500.000000
500.000000
500.000000
500.000000
500.000000
500.000000
500.000000
500.000000
500.000000
500.000000
500.000000
500.000000
500.000000
500.000000
500.000000
500.000000
500.000000
500.000000
500.000000
500.000000
500.000000
500.000000
500.000000
500.000000
500.000000
500.000000
500.000000
500.000000
500.000000
500.000000
500.000000
500.000000
500.000000
500.000000
500.000000
500.000000
500.000000
500.000000
500.000000
500.000000
500.000000
500.000000
500.000000
500.000000
500.000000
500.000000
500.000000
500.000000
500.000000
500.000000
500.000000
500.000000
500.000000
500.000000
500.000000
500.000000
500.000000
500.000000
500.000000
500.000000
500.000000
500.000000
500.000000
500.000000
500.000000
500.000000
500.000000
500.000000
500.000000
500.000000
500.000000
500.000000
500.000000
500.000000
500.000000
500.000000
500.000000
500.000000
500.000000
500.000000
500.000000
500.000000
500.000000
500.000000
500.000000
500.000000
500.000000
500.000000
500.000000
500.000000
500.000000
500.000000
500.000000
500.000000
500.000000
500.000000
500.000000
500.000000
500.000000
500.000000
500.000000
500.000000
500.000000
500.000000
500.000000
500.000000
500.000000
500.000000
500.000000
500.000000
500.000000
500.000000
500.000000
500.000000
500.000000
500.000000
500.000000
500.000000
500.000000
500.000000
500.000000
500.000000
500.000000
500.000000
500.000000
500.000000
500.000000
500.000000
500.000000
500.000000
500.000000
500.000000
500.000000
500.000000
500.000000
500.000000
500.000000
500.000000
500.000000
500.000000
500.000000
500.000000
500.000000
500.000000
500.000000
500.000000
500.000000
500.000000
500.000000
500.000000
500.000000
500.000000
500.000000
500.000000
500.000000
500.000000
500.000000
500.000000
500.000000
500.000000
500.000000
500.000000
500.000000
500.000000
500.000000
500.000000
500.000000
500.000000
500.000000
500.000000
500.000000
500.000000
500.000000
500.000000
500.000000
500.000000
500.000000
500.000000
500.000000
500.000000
500.000000
500.000000
500.000000
500.000000
500.000000
500.000000
500.000000
500.000000
500.000000
500.000000
500.000000
500.000000
500.000000
500.000000
500.000000
500.000000
500.000000
500.000000
500.000000
500.000000
500.000000
500.000000
500.000000
500.000000
500.000000
500.000000
500.000000
500.000000
500.000000
500.000000
500.000000
500.000000
500.000000
500.000000
500.000000
500.000000
500.000000
500.000000
500.000000
500.000000
500.000000
500.000000
500.000000
500.000000
500.000000
500.000000
500.000000
500.000000
500.000000
500.000000
500.000000
500.000000
500.000000
500.000000
500.000000
500.000000
500.000000
500.000000
500.000000
500.000000
500.000000
500.000000
500.000000
500.000000
500.000000
500.000000
500.000000
500.000000
500.000000
500.000000
500.000000
500.000000
500.000000
500.000000
500.000000
500.000000
500.000000
500.000000
500.000000
500.000000
500.000000
500.000000
500.000000
500.000000
500.000000
500.000000
500.000000
500.000000
500.000000
500.000000
500.000000
500.000000
500.000000
500.000000
500.000000
500.000000
500.000000
500.000000
500.000000
500.000000
500.000000
500.000000
500.000000
500.000000
500.000000
500.000000
500.000000
500.000000
500.000000
500.000000
500.000000
500.000000
500.000000
500.000000
500.000000
500.000000
500.000000
500.000000
500.000000
500.000000
500.000000
500.000000
500.000000
500.000000
500.000000
500.000000
500.000000
500.000000
500.000000
500.000000
500.000000
500.000000
500.000000
500.000000
500.000000
500.000000
500.000000
500.000000
500.000000
500.000000
500.000000
500.000000
500.000000
500.000000
500.000000
500.000000
500.000000
500.000000
500.000000
500.000000
500.000000
500.000000
500.000000
500.000000
500.000000
500.000000
500.000000
500.000000
500.000000
500.000000
500.000000
500.000000
500.000000
500.000000
500.000000
500.000000
500.000000
500.000000
500.000000
500.000000
500.000000
500.000000
500.000000
500.000000
500.000000
500.000000
500.000000
500.000000
500.000000
500.000000
500.000000
500.000000
500.000000
500.000000
500.000000
500.000000
500.000000
500.000000
500.000000
500.000000
500.000000
500.000000
500.000000
500.000000
500.000000
500.000000
500.000000
500.000000
500.000000
500.000000
500.000000
500.000000
500.000000
500.000000
500.000000
500.000000
500.000000
500.000000
500.000000
500.000000
500.000000
500.000000
500.000000
500.000000
500.000000
500.000000
500.000000
500.000000
500.000000
500.000000
500.000000
500.000000
500.000000
500.000000
500.000000
500.000000
500.000000
500.000000
500.000000
500.000000
500.000000
500.000000
500.000000
500.000000
500.000000
500.000000
500.000000
500.000000
500.000000
500.000000
500.000000
500.000000
500.000000
500.000000
500.000000
500.000000
500.000000
500.000000
500.000000
500.000000
500.000000
500.000000
500.000000
500.000000
500.000000
500.000000
500.000000
500.000000
500.000000
500.000000
500.000000
500.000000
500.000000
500.000000
500.000000
500.000000
500.000000
500.000000
500.000000
500.000000
500.000000
500.000000
500.000000
500.000000
500.000000
500.000000
500.000000
500.000000
500.000000
500.000000
500.000000
500.000000
500.000000
500.000000
500.000000
500.000000
500.000000
500.000000
500.000000
500.000000
500.000000
500.000000
500.000000
500.000000
500.000000
500.000000
500.000000
500.000000
500.000000
500.000000
500.000000
500.000000
500.000000
500.000000
500.000000
500.000000
500.000000
500.000000
500.000000
500.000000
500.000000
500.000000
500.000000
500.000000
500.000000
500.000000
500.000000
500.000000
500.000000
500.000000
500.000000
500.000000
500.000000
500.000000
500.000000
500.000000
500.000000
500.000000
500.000000
500.000000
500.000000
500.000000
500.000000
500.000000
500.000000
500.000000
500.000000
500.000000
500.000000
500.000000
500.000000
500.000000
500.000000
500.000000
500.000000
500.000000
500.000000
500.000000
500.000000
500.000000
500.000000
500.000000
500.000000
500.000000
500.000000
500.000000
500.000000
500.000000
500.000000
500.000000
500.000000
500.000000
500.000000
500.000000
500.000000
500.000000
500.000000
500.000000
500.000000
500.000000
500.000000
500.000000
500.000000
500.000000
500.000000
500.000000
500.000000
500.000000
500.000000
500.000000
500.000000
500.000000
500.000000
500.000000
500.000000
500.000000
500.000000
500.000000
500.000000
500.000000
500.000000
500.000000
500.000000
500.000000
500.000000
500.000000
500.000000
500.000000
500.000000
500.000000
500.000000
500.000000
500.000000
500.000000
500.000000
500.000000
500.000000
500.000000
500.000000
500.000000
500.000000
500.000000
500.000000
500.000000
500.000000
500.000000
500.000000
500.000000
500.000000
500.000000
500.000000
500.000000
500.000000
500.000000
500.000000
500.000000
500.000000
500.000000
500.000000
500.000000
500.000000
500.000000
500.000000
500.000000
500.000000
500.000000
500.000000
500.000000
500.000000
500.000000
500.000000
500.000000
500.000000
500.000000
500.000000
500.000000
500.000000
500.000000
500.000000
500.000000
500.000000
500.000000
500.000000
500.000000
500.000000
500.000000
500.000000
500.000000
500.000000
500.000000
500.000000
500.000000
500.000000
500.000000
500.000000
500.000000
500.000000
500.000000
500.000000
500.000000
500.000000
500.000000
500.000000
500.000000
500.000000
500.000000
500.000000
500.000000
500.000000
500.000000
500.000000
500.000000
500.000000
500.000000
500.000000
500.000000
500.000000
500.000000
500.000000
500.000000
500.000000
500.000000
500.000000
500.000000
500.000000
500.000000
500.000000
500.000000
500.000000
500.000000
500.000000
500.000000
500.000000
500.000000
500.000000
500.000000
500.000000
500.000000
500.000000
500.000000
500.000000
500.000000
500.000000
500.000000
500.000000
500.000000
500.000000
500.000000
500.000000
500.000000
500.000000
500.000000
500.000000
500.000000
500.000000
500.000000
500.000000
500.000000
500.000000
500.000000
500.000000
500.000000
500.000000
500.000000
500.000000
500.000000
500.000000
500.000000
500.000000
500.000000
500.000000
500.000000
500.000000
500.000000
500.000000
500.000000
500.000000
500.000000
500.000000
500.000000
500.000000
500.000000
500.000000
500.000000
500.000000
500.000000
500.000000
500.000000
500.000000
500.000000
500.000000
500.000000
500.000000
500.000000
500.000000
500.000000
500.000000
500.000000
500.000000
500.000000
500.000000
500.000000
500.000000
500.000000
500.000000
500.000000
500.000000
500.000000
500.000000
500.000000
500.000000
500.000000
500.000000
500.000000
500.000000
500.000000
500.000000
500.000000
500.000000
500.000000
500.000000
500.000000
500.000000
500.000000
500.000000
500.000000
500.000000
500.000000
500.000000
500.000000
500.000000
500.000000
500.000000
500.000000
500.000000
500.000000
500.000000
500.000000
500.000000
500.000000
500.000000
500.000000
500.000000
500.000000
500.000000
500.000000
500.000000
500.000000
500.000000
500.000000
500.000000
500.000000
500.000000
500.000000
500.000000
500.000000
500.000000
500.000000
500.000000
500.000000
500.000000
500.000000
500.000000
500.000000
500.000000
500.000000
500.000000
500.000000
500.000000
500.000000
500.000000
500.000000
500.000000
500.000000
500.000000
500.000000
500.000000
500.000000
500.000000
500.000000
500.000000
500.000000
500.000000
500.000000
500.000000
500.000000
500.000000
500.000000
500.000000
500.000000
500.000000
500.000000
500.000000
500.000000
500.000000
500.000000
500.000000
500.000000
500.000000
500.000000
500.000000
500.000000
500.000000
500.000000
500.000000
500.000000
500.000000
500.000000
500.000000
500.000000
500.000000
500.000000
500.000000
500.000000
500.000000
500.000000
500.000000
500.000000
500.000000
500.000000
500.000000
500.000000
500.000000
500.000000
500.000000
500.000000
500.000000
500.000000
500.000000
500.000000
500.000000
500.000000
500.000000
500.000000
500.000000
500.000000
500.000000
500.000000
500.000000
500.000000
500.000000
500.000000
500.000000
500.000000
500.000000
500.000000
500.000000
500.000000
500.000000
500.000000
500.000000
500.000000
500.000000
500.000000
500.000000
500.000000
500.000000
500.000000
500.000000
500.000000
500.000000
500.000000
500.000000
500.000000
500.000000
500.000000
500.000000
500.000000
500.000000
500.000000
500.000000
500.000000
500.000000
500.000000
500.000000
500.000000
500.000000
500.000000
500.000000
500.000000
500.000000
500.000000
500.000000
500.000000
500.000000
500.000000
500.000000
500.000000
500.000000
500.000000
500.000000
500.000000
500.000000
500.000000
500.000000
500.000000
500.000000
500.000000
500.000000
500.000000
500.000000
500.000000
500.000000
500.000000
500.000000
500.000000
500.000000
500.000000
500.000000
500.000000
500.000000
500.000000
500.000000
500.000000
500.000000
500.000000
500.000000
500.000000
500.000000
500.000000
500.000000
500.000000
500.000000
500.000000
500.000000
500.000000
500.000000
500.000000
500.000000
500.000000
500.000000
500.000000
500.000000
500.000000
500.000000
500.000000
500.000000
500.000000
500.000000
500.000000
500.000000
500.000000
500.000000
500.000000
500.000000
500.000000
500.000000
500.000000
500.000000
500.000000
500.000000
500.000000
500.000000
500.000000
500.000000
500.000000
500.000000
500.000000
500.000000
500.000000
500.000000
500.000000
500.000000
500.000000
500.000000
500.000000
500.000000
500.000000
500.000000
500.000000
500.000000
500.000000
500.000000
500.000000
500.000000
500.000000
500.000000
500.000000
500.000000
500.000000
500.000000
500.000000
500.000000
500.000000
500.000000
500.000000
500.000000
500.000000
500.000000
500.000000
500.000000
500.000000
500.000000
500.000000
500.000000
500.000000
500.000000
500.000000
500.000000
500.000000
500.000000
500.000000
500.000000
500.000000
500.000000
500.000000
500.000000
500.000000
500.000000
500.000000
500.000000
500.000000
500.000000
500.000000
500.000000
500.000000
500.000000
500.000000
500.000000
500.000000
500.000000
500.000000
500.000000
500.000000
500.000000
500.000000
500.000000
500.000000
500.000000
500.000000
500.000000
500.000000
500.000000
500.000000
500.000000
500.000000
500.000000
500.000000
500.000000
500.000000
500.000000
500.000000
500.000000
500.000000
500.000000
500.000000
500.000000
500.000000
500.000000
500.000000
500.000000
500.000000
500.000000
500.000000
500.000000
500.000000
500.000000
500.000000
500.000000
500.000000
500.000000
500.000000
500.000000
500.000000
500.000000
500.000000
500.000000
500.000000
500.000000
500.000000
500.000000
500.000000
500.000000
500.000000
500.000000
500.000000
500.000000
500.000000
500.000000
500.000000
500.000000
500.000000
500.000000
500.000000
500.000000
500.000000
500.000000
500.000000
500.000000
500.000000
500.000000
500.000000
500.000000
500.000000
500.000000
500.000000
500.000000
500.000000
500.000000
500.000000
500.000000
500.000000
500.000000
500.000000
500.000000
500.000000
500.000000
500.000000
500.000000
500.000000
500.000000
500.000000
500.000000
500.000000
500.000000
500.000000
500.000000
500.000000
500.000000
500.000000
500.000000
500.000000
500.000000
500.000000
500.000000
500.000000
500.000000
500.000000
500.000000
500.000000
500.000000
500.000000
500.000000
500.000000
500.000000
500.000000
500.000000
500.000000
500.000000
500.000000
500.000000
500.000000
500.000000
500.000000
500.000000
500.000000
500.000000
500.000000
500.000000
500.000000
500.000000
500.000000
500.000000
500.000000
500.000000
500.000000
500.000000
500.000000
500.000000
500.000000
500.000000
500.000000
500.000000
500.000000
500.000000
500.000000
500.000000
500.000000
500.000000
500.000000
500.000000
500.000000
500.000000
500.000000
500.000000
500.000000
500.000000
500.000000
500.000000
500.000000
500.000000
500.000000
500.000000
500.000000
500.000000
500.000000
500.000000
500.000000
500.000000
500.000000
500.000000
500.000000
500.000000
500.000000
500.000000
500.000000
500.000000
500.000000
500.000000
500.000000
500.000000
500.000000
500.000000
500.000000
500.000000
500.000000
500.000000
500.000000
500.000000
500.000000
500.000000
500.000000
500.000000
500.000000
500.000000
500.000000
500.000000
500.000000
500.000000
500.000000
500.000000
500.000000
500.000000
500.000000
500.000000
500.000000
500.000000
500.000000
500.000000
500.000000
500.000000
500.000000
500.000000
500.000000
500.000000
500.000000
500.000000
500.000000
500.000000
500.000000
500.000000
500.000000
500.000000
500.000000
500.000000
500.000000
500.000000
500.000000
500.000000
500.000000
500.000000
500.000000
500.000000
500.000000
500.000000
500.000000
500.000000
500.000000
500.000000
500.000000
500.000000
500.000000
500.000000
500.000000
500.000000
500.000000
500.000000
500.000000
500.000000
500.000000
500.000000
500.000000
500.000000
500.000000
500.000000
500.000000
500.000000
500.000000
500.000000
500.000000
500.000000
500.000000
500.000000
500.000000
500.000000
500.000000
500.000000
500.000000
500.000000
500.000000
500.000000
500.000000
500.000000
500.000000
500.000000
500.000000
500.000000
500.000000
500.000000
500.000000
500.000000
500.000000
500.000000
500.000000
500.000000
500.000000
500.000000
500.000000
500.000000
500.000000
500.000000
500.000000
500.000000
500.000000
500.000000
500.000000
500.000000
500.000000
500.000000
500.000000
500.000000
500.000000
500.000000
500.000000
500.000000
500.000000
500.000000
500.000000
500.000000
500.000000
500.000000
500.000000
500.000000
500.000000
500.000000
500.000000
500.000000
500.000000
500.000000
500.000000
500.000000
500.000000
500.000000
500.000000
500.000000
500.000000
500.000000
500.000000
500.000000
500.000000
500.000000
500.000000
500.000000
500.000000
500.000000
500.000000
500.000000
500.000000
500.000000
500.000000
500.000000
500.000000
500.000000
500.000000
500.000000
500.000000
500.000000
500.000000
500.000000
500.000000
500.000000
500.000000
500.000000
500.000000
500.000000
500.000000
500.000000
500.000000
500.000000
500.000000
500.000000
500.000000
500.000000
500.000000
500.000000
500.000000
500.000000
500.000000
500.000000
500.000000
400.000000
400.000000
400.000000
400.000000
400.000000
400.000000
400.000000
400.000000
400.000000
400.000000
400.000000
400.000000
400.000000
400.000000
400.000000
400.000000
400.000031
400.000031
400.000061
400.000061
400.000153
400.000153
400.000305
400.000305
400.000610
400.000610
400.001099
400.001099
400.001984
400.001984
400.003174
400.003174
400.004913
400.004913
400.007507
400.007507
400.011200
400.011200
400.015778
400.015778
400.021851
400.021851
400.029816
400.029816
400.039581
400.039581
400.051544
400.051544
400.066406
400.066406
400.084167
400.084167
400.104767
400.104767
400.128906
400.128906
400.156525
400.156525
400.187653
400.187653
400.222198
400.222198
400.260101
400.260101
400.301422
400.301422
400.345703
400.345703
400.392273
400.392273
400.441132
400.441132
400.491974
400.491974
400.543488
400.543488
400.595825
400.595825
400.648895
400.648895
400.702393
400.702393
400.755920
400.755920
400.809448
400.809448
400.863434
400.863434
400.919067
400.919067
400.976593
400.976593
401.036499
401.036499
401.103546
401.103546
401.178101
401.178101
401.260193
401.260193
401.354858
401.354858
401.467133
401.467133
401.597046
401.597046
401.748169
401.748169
401.929260
401.929260
402.140472
402.140472
402.383087
402.383087
402.666107
402.666107
402.990723
402.990723
403.356812
403.356812
403.767731
403.767731
404.226776
404.226776
404.733765
404.733765
405.287415
405.287415
405.888580
405.888580
406.537659
406.537659
407.232208
407.232208
407.968262
407.968262
408.749634
408.749634
409.576050
409.576050
410.450287
410.450287
411.375214
411.375214
412.350433
412.350433
413.381287
413.381287
414.489838
414.489838
415.677826
415.677826
416.949982
416.949982
418.358734
418.358734
419.916046
419.916046
421.620239
421.620239
423.532166
423.532166
425.711151
425.711151
428.153076
428.153076
430.899506
430.899506
434.069916
434.069916
437.661804
437.661804
441.682465
441.682465
446.286438
446.286438
451.494690
451.494690
457.286774
457.286774
463.773682
463.773682
471.057465
471.057465
479.101990
479.101990
487.939087
487.939087
497.771820
497.771820
508.563599
508.563599
520.272766
520.272766
533.199219
533.199219
547.389404
547.389404
562.747681
562.747681
579.643677
579.643677
598.394531
598.394531
618.831848
618.831848
641.186279
641.186279
666.479675
666.479675
694.479431
694.479431
725.077209
725.077209
760.283325
760.283325
800.126648
800.126648
843.950317
843.950317
894.343994
894.343994
953.242249
953.242249
500.000000
500.000000
500.000000
500.000000
500.000000
500.000000
500.000000
500.000000
500.000000
500.000000
500.000000
500.000000
500.000000
500.000000
500.000000
500.000000
500.000000
500.000000
500.000000
500.000000
500.000000
500.000000
500.000000
500.000000
500.000000
500.000000
500.000000
500.000000
500.000000
500.000000
500.000000
500.000000
500.000000
500.000000
500.000000
500.000000
500.000000
500.000000
500.000000
500.000000
500.000000
500.000000
500.000000
500.000000
500.000000
500.000000
500.000000
500.000000
500.000000
500.000000
500.000000
500.000000
500.000000
500.000000
500.000000
500.000000
500.000000
500.000000
500.000000
500.000000
500.000000
500.000000
500.000000
500.000000
500.000000
500.000000
500.000000
500.000000
500.000000
500.000000
500.000000
500.000000
500.000000
500.000000
500.000000
500.000000
500.000000
500.000000
500.000000
500.000000
500.000000
500.000000
500.000000
500.000000
500.000000
500.000000
500.000000
500.000000
500.000000
500.000000
500.000000
500.000000
500.000000
500.000000
500.000000
500.000000
500.000000
500.000000
500.000000
500.000000
500.000000
500.000000
500.000000
500.000000
500.000000
500.000000
500.000000
500.000000
500.000000
500.000000
500.000000
500.000000
500.000000
500.000000
500.000000
500.000000
500.000000
500.000000
500.000000
500.000000
500.000000
500.000000
500.000000
500.000000
500.000000
500.000000
500.000000
500.000000
500.000000
500.000000
500.000000
500.000000
500.000000
500.000000
500.000000
500.000000
500.000000
500.000000
500.000000
500.000000
500.000000
500.000000
500.000000
500.000000
500.000000
500.000000
500.000000
500.000000
500.000000
500.000000
400.000000
400.000000
400.000000
400.000000
400.000000
400.000000
400.000000
400.000000
400.000000
400.000000
400.000000
400.000000
400.000000
400.000000
400.000000
400.000000
400.000031
400.000031
400.000061
400.000061
400.000153
400.000153
400.000305
400.000305
400.000610
400.000610
400.001099
400.001099
400.001984
400.001984
400.003174
400.003174
400.004913
400.004913
400.007507
400.007507
400.011200
400.011200
400.015778
400.015778
400.021851
400.021851
400.029816
400.029816
400.039581
400.039581
400.051544
400.051544
400.066406
400.066406
400.084167
400.084167
400.104767
400.104767
400.128906
400.128906
400.156525
400.156525
400.187653
400.187653
400.222198
400.222198
400.260101
400.260101
400.301422
400.301422
400.345703
400.345703
400.392273
400.392273
400.441132
400.441132
400.491974
400.491974
400.543488
400.543488
400.595825
400.595825
400.648895
400.648895
400.702393
400.702393
400.755920
400.755920
400.809448
400.809448
400.863434
400.863434
400.919067
400.919067
400.976593
400.976593
401.036499
401.036499
401.103546
401.103546
401.178101
401.178101
401.260193
401.260193
401.354858
401.354858
401.467133
401.467133
401.597046
401.597046
401.748169
401.748169
401.929260
401.929260
402.140472
402.140472
402.383087
402.383087
402.666107
402.666107
402.990723
402.990723
403.356812
403.356812
403.767731
403.767731
404.226776
404.226776
404.733765
404.733765
405.287415
405.287415
405.888580
405.888580
406.537659
406.537659
407.232208
407.232208
407.968262
407.968262
408.749634
408.749634
409.576050
409.576050
410.450287
410.450287
411.375214
411.375214
412.350433
412.350433
413.381287
413.381287
414.489838
414.489838
415.677826
415.677826
416.949982
416.949982
418.358734
418.358734
419.916046
419.916046
421.620239
421.620239
423.532166
423.532166
425.711151
425.711151
428.153076
428.153076
430.899506
430.899506
434.069916
434.069916
437.661804
437.661804
441.682465
441.682465
446.286438
446.286438
451.494690
451.494690
457.286774
457.286774
463.773682
463.773682
471.057465
471.057465
479.101990
479.101990
487.939087
487.939087
497.771820
497.771820
508.563599
508.563599
520.272766
520.272766
533.199219
533.199219
547.389404
547.389404
562.747681
562.747681
579.643677
579.643677
598.394531
598.394531
618.831848
618.831848
641.186279
641.186279
666.479675
666.479675
694.479431
694.479431
725.077209
725.077209
760.283325
760.283325
800.126648
800.126648
843.950317
843.950317
894.343994
894.343994
953.242249
953.242249
917.474976
917.474976
911.741028
911.741028
906.052551
906.052551
900.367615
900.367615
894.686096
894.686096
889.064026
889.064026
883.448792
883.448792
877.840637
877.840637
872.240173
872.240173
866.648621
866.648621
861.066528
861.066528
855.492920
855.492920
849.923645
849.923645
844.359253
844.359253
838.799927
838.799927
833.244019
833.244019
827.689758
827.689758
822.137451
822.137451
816.595764
816.595764
811.091797
811.091797
805.628174
805.628174
801.652832
801.652832
800.799377
800.799377
799.952637
799.952637
799.112427
799.112427
798.215027
798.215027
797.382568
797.382568
796.557068
796.557068
795.682678
795.682678
794.864746
794.864746
794.053894
794.053894
793.200623
793.200623
792.397278
792.397278
791.601135
791.601135
790.812073
790.812073
790.011597
790.011597
789.217163
789.217163
788.428528
788.428528
787.644287
787.644287
786.865601
786.865601
786.093262
786.093262
785.326050
785.326050
784.562988
784.562988
783.806519
783.806519
783.056641
783.056641
782.309021
782.309021
781.568420
781.568420
780.834717
780.834717
780.104492
780.104492
779.379822
779.379822
778.662659
778.662659
777.950806
777.950806
777.242737
777.242737
776.542603
776.542603
775.850464
775.850464
775.159607
775.159607
774.477600
774.477600
773.804260
773.804260
773.134888
773.134888
772.472595
772.472595
771.819702
771.819702
771.174011
771.174011
770.533691
770.533691
769.903931
769.903931
769.284668
769.284668
768.669373
768.669373
768.065796
768.065796
767.473938
767.473938
766.889771
766.889771
766.316345
766.316345
765.756042
765.756042
765.207092
765.207092
764.668579
764.668579
764.144775
764.144775
763.635803
763.635803
763.137451
763.137451
762.655701
762.655701
762.190369
762.190369
761.739563
761.739563
761.305847
761.305847
760.890625
760.890625
760.492981
760.492981
760.113831
760.113831
759.755005
759.755005
759.416748
759.416748
759.098755
759.098755
758.803284
758.803284
758.530334
758.530334
758.444336
758.444336
758.444275
758.444275
758.444214
758.444214
758.444153
758.444153
758.444153
758.444153
758.444153
758.444153
758.444153
758.444153
758.444153
758.444153
758.444153
758.444153
758.444153
758.444153
758.444153
758.444153
758.444153
758.444153
758.444153
758.444153
758.444153
758.444153
758.444153
758.444153
758.444153
758.444153
758.444153
758.444153
758.444153
758.444153
758.444153
758.444153
758.444153
758.444153
758.444153
758.444153
758.444153
758.444153
758.444153
758.444153
758.444153
758.444153
758.444153
758.444153
758.444153
758.444153
758.444153
758.444153
758.444153
758.444153
758.444153
758.444153
758.444153
758.444153
758.444153
758.444153
758.444153
758.444153
758.444153
758.444153
758.444153
758.444153
758.444153
758.444153
758.444153
758.444153
758.444153
758.444153
758.444153
758.444153
758.444153
758.444153
758.444153
758.444153
758.444153
758.444153
758.444153
758.444153
758.444153
758.444153
758.444153
758.444153
758.444153
758.444153
758.444153
758.444153
758.444153
758.444153
758.444153
758.444153
758.444153
758.444153
758.444153
758.444153
758.444153
758.444153
758.444153
758.444153
758.444153
758.444153
758.444153
758.444153
758.444153
758.444153
758.444153
758.444153
758.444153
758.444153
758.444153
758.444153
758.444153
758.444153
758.444153
758.444153
758.444153
758.444153
758.444153
758.444153
758.444153
758.444153
758.444153
758.444153
758.444153
758.444153
758.444092
758.444092
758.444092
758.444092
758.444092
758.444092
758.444092
758.444092
758.444092
758.444092
758.444092
758.444092
758.444031
758.444031
758.444031
758.444031
758.444031
758.444031
758.444031
758.444031
758.443970
758.443970
758.443970
758.443970
758.443970
758.443970
758.443970
758.443970
758.443970
758.443970
758.443970
758.443970
758.443970
758.443970
758.443909
758.443909
758.443909
758.443909
758.443909
758.443909
758.443909
758.443909
758.443909
758.443909
758.443909
758.443909
758.443909
758.443909
758.443848
758.443848
758.443848
758.443848
758.443787
758.443787
758.443787
758.443787
758.443787
758.443787
758.443787
758.443787
758.443726
758.443726
758.443726
758.443726
758.443726
758.443726
758.443726
758.443726
758.443726
758.443726
758.443726
758.443726
758.443665
758.443665
758.443665
758.443665
758.443665
758.443665
758.443665
758.443665
758.443665
758.443665
758.443665
758.443665
758.443665
758.443665
758.443665
758.443665
758.443665
758.443665
758.443665
758.443665
758.443665
758.443665
758.443665
758.443665
758.443665
758.443665
758.443665
758.443665
758.443665
758.443665
758.443665
758.443665
758.443665
758.443665
758.443665
758.443665
758.443604
758.443604
758.443604
758.443604
758.443604
758.443604
758.443604
758.443604
758.443604
758.443604
758.443542
758.443542
758.443542
758.443542
758.443542
758.443542
758.443542
758.443542
758.443542
758.443542
758.443542
758.443542
758.443542
758.443542
758.443542
758.443542
758.443542
758.443542
758.443542
758.443542
758.443481
758.443481
758.443481
758.443481
758.443481
758.443481
758.443481
758.443481
758.443481
758.443481
758.443420
758.443420
758.443420
758.443420
758.443420
758.443420
758.443420
758.443420
758.443420
758.443420
758.443359
758.443359
758.443359
758.443359
758.443359
758.443359
758.443359
758.443359
758.443359
758.443359
737.136597
737.136597
736.177490
736.177490
735.327332
735.327332
734.695251
734.695251
734.063171
734.063171
733.431091
733.431091
733.125916
733.125916
732.820862
732.820862
732.515747
732.515747
732.414001
732.414001
732.414001
732.414001
732.414001
732.414001
732.414001
732.414001
732.414001
732.414001
732.414001
732.414001
732.414001
732.414001
732.414001
732.414001
732.414001
732.414001
732.414001
732.414001
732.414001
732.414001
732.414001
732.414001
732.414001
732.414001
732.414001
732.414001
732.414001
732.414001
732.414001
732.414001
732.414001
732.414001
732.414001
732.414001
732.414001
732.414001
732.414001
732.414001
732.414001
732.414001
732.414001
732.414001
732.414001
732.414001
732.414001
732.414001
732.414001
732.414001
732.414001
732.414001
732.414001
732.414001
732.414001
732.414001
732.414001
732.414001
732.414001
732.414001
732.414001
732.414001
732.414001
732.414001
732.414001
732.414001
732.414001
732.414001
732.414001
732.414001
732.414001
732.414001
732.414001
732.414001
732.414001
732.414001
732.414001
732.414001
732.414001
732.414001
732.414001
732.414001
634.220520
634.220520
632.731262
632.731262
631.350952
631.350952
630.188782
630.188782
629.026550
629.026550
627.864258
627.864258
627.028992
627.028992
626.193787
626.193787
625.358521
625.358521
624.741272
624.741272
624.233032
624.233032
623.724792
623.724792
623.325562
623.325562
623.144348
623.144348
622.963074
622.963074
622.781799
622.781799
622.781799
622.781799
622.781799
622.781799
622.781799
622.781799
622.781799
622.781799
622.781799
622.781799
622.781799
622.781799
622.781799
622.781799
622.781799
622.781799
622.781799
622.781799
622.781799
622.781799
622.781799
622.781799
622.781799
622.781799
622.781799
622.781799
622.781799
622.781799
622.781799
622.781799
622.781799
622.781799
622.781799
622.781799
622.781799
622.781799
622.781799
622.781799
622.781799
622.781799
622.781799
622.781799
622.781799
622.781799
622.781799
622.781799
622.781799
622.781799
622.781799
622.781799
622.781799
622.781799
622.781799
622.781799
622.781799
622.781799
622.781799
622.781799
622.781799
622.781799
622.781799
622.781799
622.781799
622.781799
622.781799
622.781799
622.781799
622.781799
622.781799
622.781799
622.781799
622.781799
622.781799
622.781799
622.781799
622.781799
622.781799
622.781799
622.781799
622.781799
622.781799
622.781799
622.781799
622.781799
622.781799
622.781799
622.781799
622.781799
622.781799
622.781799
622.781799
622.781799
622.781799
622.781799
622.781799
622.781799
622.781799
622.781799
622.781799
622.781799
622.781799
622.781799
622.781799
622.781799
622.781799
622.781799
622.781799
622.781799
622.781799
622.781799
622.781799
622.781799
622.781799
622.781799
622.781799
622.781799
622.781799
622.781799
622.781799
622.781799
622.781799
622.781799
622.781799
622.781799
622.781799
622.781799
622.781799
622.781799
622.781799
622.781799
622.781799
622.781799
622.781799
622.781799
622.781799
622.781799
622.781799
622.781799
622.781799
622.781799
622.781799
622.781799
622.781799
622.781799
622.781799
622.781799
622.781799
622.781799
622.781799
622.781799
622.781799
622.781799
622.781799
622.781799
622.781799
622.781799
622.781799
622.781799
622.781799
622.781799
622.781799
622.781799
622.781799
622.781799
622.781799
622.781799
622.781799
622.781799
622.781799
622.781799
622.781799
622.781799
622.781799
622.781799
622.781799
622.781799
622.781799
622.781799
622.781799
622.781799
622.781799
622.781799
622.781799
622.781799
622.781799
622.781799
622.781799
622.781799
622.781799
622.781799
622.781799
622.781799
622.781799
622.781799
622.781799
622.781799
622.781799
622.781799
622.781799
622.781799
622.781799
622.781799
622.781799
622.781799
622.781799
622.781799
622.781799
622.781799
622.781799
622.781799
622.781799
622.781799
622.781799
622.781799
622.781799
622.781799
622.781799
622.781799
622.781799
622.781799
622.781799
622.781799
622.781799
622.781799
622.781799
622.781799
622.781799
622.781799
622.781799
622.781799
622.781799
622.781799
622.781799
622.781799
622.781799
622.781799
622.781799
622.781799
622.781799
622.781799
622.781799
622.781799
622.781799
622.781799
622.781799
622.781799
622.781799
622.781799
622.781799
622.781799
622.781799
622.781799
622.781799
622.781799
622.781799
622.781799
622.781799
622.781799
622.781799
622.781799
622.781799
622.781799
622.781799
622.781799
622.781799
622.781799
622.781799
622.781799
622.781799
622.781799
622.781799
622.781799
622.781799
622.781799
622.781799
622.781799
622.781799
622.781799
622.781799
622.781799
622.781799
622.781799
622.781799
622.781799
622.781799
622.781799
622.781799
622.781799
622.781799
622.781799
622.781799
622.781799
622.781799
622.781799
622.781799
622.781799
622.781799
622.781799
622.781799
622.781799
622.781799
622.781799
622.781799
622.781799
622.781799
622.781799
622.781799
622.781799
622.781799
622.781799
622.781799
622.781799
622.781799
622.781799
622.781799
622.781799
622.781799
622.781799
622.781799
622.781799
622.781799
622.781799
622.781799
622.781799
622.781799
622.781799
622.781799
622.781799
622.781799
622.781799
622.781799
622.781799
622.781799
622.781799
622.781799
622.781799
622.781799
622.781799
622.781799
622.781799
622.781799
622.781799
622.781799
622.781799
622.781799
622.781799
622.781799
622.781799
622.781799
622.781799
622.781799
622.781799
622.781799
622.781799
622.781799
622.781799
622.781799
622.781799
622.781799
622.781799
622.781799
622.781799
622.781799
622.781799
622.781799
622.781799
622.781799
622.781799
622.781799
622.781799
622.781799
622.781799
622.781799
622.781799
622.781799
622.781799
622.781799
622.781799
622.781799
622.781799
622.781799
622.781799
622.781799
622.781799
622.781799
622.781799
622.781799
622.781799
622.781799
622.781799
622.781799
622.781799
622.781799
622.781799
622.781799
622.781799
622.781799
622.781799
400.000000
400.000000
400.000000
400.000000
400.000000
400.000000
400.000000
400.000000
400.000000
400.000000
400.000000
400.000000
400.000000
400.000000
400.000000
400.000000
400.000031
400.000031
400.000061
400.000061
400.000153
400.000153
400.000305
400.000305
400.000610
400.000610
400.001099
400.001099
400.001984
400.001984
400.003174
400.003174
400.004913
400.004913
400.007507
400.007507
400.011200
400.011200
400.015778
400.015778
400.021851
400.021851
400.029816
400.029816
400.039581
400.039581
400.051544
400.051544
400.066406
400.066406
400.084167
400.084167
400.104767
400.104767
400.128906
400.128906
400.156525
400.156525
400.187653
400.187653
400.222198
400.222198
400.260101
400.260101
400.301422
400.301422
400.345703
400.345703
400.392273
400.392273
400.441132
400.441132
400.491974
400.491974
400.543488
400.543488
400.595825
400.595825
400.648895
400.648895
400.702393
400.702393
400.755920
400.755920
400.809448
400.809448
400.863434
400.863434
400.919067
400.919067
400.976593
400.976593
401.036499
401.036499
401.103546
401.103546
401.178101
401.178101
401.260193
401.260193
401.354858
401.354858
401.467133
401.467133
401.597046
401.597046
401.748169
401.748169
401.929260
401.929260
402.140472
402.140472
402.383087
402.383087
402.666107
402.666107
402.990723
402.990723
403.356812
403.356812
403.767731
403.767731
404.226776
404.226776
404.733765
404.733765
405.287415
405.287415
405.888580
405.888580
406.537659
406.537659
407.232208
407.232208
407.968262
407.968262
408.749634
408.749634
409.576050
409.576050
410.450287
410.450287
411.375214
411.375214
412.350433
412.350433
413.381287
413.381287
414.489838
414.489838
415.677826
415.677826
416.949982
416.949982
418.358734
418.358734
419.916046
419.916046
421.620239
421.620239
423.532166
423.532166
425.711151
425.711151
428.153076
428.153076
430.899506
430.899506
434.069916
434.069916
437.661804
437.661804
441.682465
441.682465
446.286438
446.286438
451.494690
451.494690
457.286774
457.286774
463.773682
463.773682
471.057465
471.057465
479.101990
479.101990
487.939087
487.939087
497.771820
497.771820
508.563599
508.563599
520.272766
520.272766
533.199219
533.199219
547.389404
547.389404
562.747681
562.747681
579.643677
579.643677
598.394531
598.394531
618.831848
618.831848
641.186279
641.186279
666.479675
666.479675
694.479431
694.479431
725.077209
725.077209
760.283325
760.283325
800.126648
800.126648
843.950317
843.950317
894.343994
894.343994
953.242249
953.242249
500.000000
500.000000
500.000000
500.000000
500.000000
500.000000
500.000000
500.000000
500.000000
500.000000
500.000000
500.000000
500.000000
500.000000
500.000000
500.000000
500.000000
500.000000
500.000000
500.000000
500.000000
500.000000
500.000000
500.000000
500.000000
500.000000
500.000000
500.000000
500.000000
500.000000
500.000000
500.000000
500.000000
500.000000
500.000000
500.000000
500.000000
500.000000
500.000000
500.000000
500.000000
500.000000
500.000000
500.000000
500.000000
500.000000
500.000000
500.000000
500.000000
500.000000
500.000000
500.000000
500.000000
500.000000
500.000000
500.000000
500.000000
500.000000
500.000000
500.000000
500.000000
500.000000
500.000000
500.000000
500.000000
500.000000
500.000000
500.000000
500.000000
500.000000
500.000000
500.000000
500.000000
500.000000
500.000000
500.000000
500.000000
500.000000
500.000000
500.000000
500.000000
500.000000
500.000000
500.000000
500.000000
500.000000
500.000000
500.000000
500.000000
500.000000
500.000000
500.000000
500.000000
500.000000
500.000000
500.000000
500.000000
500.000000
500.000000
500.000000
500.000000
500.000000
500.000000
500.000000
500.000000
500.000000
500.000000
500.000000
500.000000
500.000000
500.000000
500.000000
500.000000
500.000000
500.000000
500.000000
500.000000
500.000000
500.000000
500.000000
500.000000
500.000000
500.000000
500.000000
500.000000
500.000000
500.000000
500.000000
500.000000
500.000000
500.000000
500.000000
500.000000
500.000000
500.000000
500.000000
500.000000
500.000000
500.000000
500.000000
500.000000
500.000000
500.000000
500.000000
500.000000
500.000000
500.000000
500.000000
500.000000
500.000000
500.000000
500.000000
500.000000
500.000000
500.000000
500.000000
500.000000
500.000000
500.000000
500.000000
500.000000
500.000000
500.000000
500.000000
500.000000
500.000000
500.000000
500.000000
500.000000
500.000000
500.000000
500.000000
500.000000
500.000000
500.000000
500.000000
500.000000
500.000000
500.000000
500.000000
500.000000
500.000000
500.000000
500.000000
500.000000
500.000000
500.000000
500.000000
500.000000
500.000000
500.000000
500.000000
500.000000
500.000000
500.000000
500.000000
500.000000
500.000000
500.000000
500.000000
500.000000
500.000000
500.000000
500.000000
500.000000
500.000000
500.000000
500.000000
500.000000
500.000000
500.000000
500.000000
500.000000
500.000000
500.000000
500.000000
500.000000
500.000000
500.000000
500.000000
500.000000
500.000000
500.000000
500.000000
500.000000
500.000000
500.000000
500.000000
500.000000
500.000000
500.000000
500.000000
500.000000
500.000000
500.000000
500.000000
500.000000
500.000000
500.000000
500.000000
500.000000
500.000000
500.000000
500.000000
500.000000
500.000000
500.000000
500.000000
500.000000
500.000000
500.000000
500.000000
500.000000
500.000000
500.000000
500.000000
500.000000
500.000000
500.000000
500.000000
500.000000
500.000000
500.000000
500.000000
500.000000
500.000000
500.000000
500.000000
500.000000
500.000000
500.000000
500.000000
500.000000
500.000000
500.000000
500.000000
500.000000
500.000000
500.000000
500.000000
500.000000
500.000000
500.000000
500.000000
500.000000
500.000000
500.000000
500.000000
500.000000
500.000000
500.000000
500.000000
500.000000
500.000000
500.000000
500.000000
500.000000
500.000000
500.000000
500.000000
500.000000
500.000000
500.000000
500.000000
500.000000
500.000000
500.000000
500.000000
500.000000
500.000000
500.000000
500.000000
500.000000
500.000000
500.000000
500.000000
500.000000
500.000000
500.000000
500.000000
500.000000
500.000000
500.000000
500.000000
500.000000
500.000000
500.000000
500.000000
500.000000
500.000000
500.000000
500.000000
500.000000
500.000000
500.000000
500.000000
500.000000
500.000000
500.000000
500.000000
500.000000
500.000000
500.000000
500.000000
500.000000
500.000000
500.000000
500.000000
500.000000
500.000000
500.000000
500.000000
500.000000
500.000000
500.000000
500.000000
500.000000
500.000000
500.000000
500.000000
500.000000
500.000000
500.000000
500.000000
500.000000
500.000000
500.000000
500.000000
500.000000
500.000000
500.000000
500.000000
500.000000
500.000000
500.000000
500.000000
500.000000
500.000000
500.000000
500.000000
500.000000
500.000000
500.000000
500.000000
500.000000
500.000000
500.000000
500.000000
500.000000
500.000000
500.000000
500.000000
500.000000
500.000000
500.000000
500.000000
500.000000
500.000000
500.000000
500.000000
500.000000
500.000000
500.000000
500.000000
500.000000
500.000000
500.000000
500.000000
500.000000
500.000000
500.000000
500.000000
500.000000
500.000000
500.000000
500.000000
500.000000
500.000000
500.000000
500.000000
500.000000
500.000000
500.000000
500.000000
500.000000
500.000000
500.000000
500.000000
500.000000
500.000000
500.000000
500.000000
500.000000
500.000000
500.000000
500.000000
500.000000
500.000000
500.000000
500.000000
500.000000
500.000000
500.000000
500.000000
500.000000
500.000000
500.000000
500.000000
500.000000
500.000000
500.000000
500.000000
500.000000
500.000000
500.000000
500.000000
500.000000
500.000000
500.000000
500.000000
500.000000
500.000000
500.000000
500.000000
500.000000
500.000000
500.000000
500.000000
500.000000
500.000000
500.000000
500.000000
500.000000
500.000000
500.000000
500.000000
500.000000
500.000000
500.000000
500.000000
500.000000
500.000000
500.000000
500.000000
500.000000
500.000000
500.000000
500.000000
500.000000
500.000000
500.000000
500.000000
500.000000
500.000000
500.000000
500.000000
500.000000
500.000000
500.000000
500.000000
500.000000
500.000000
500.000000
500.000000
500.000000
500.000000
500.000000
500.000000
500.000000
500.000000
500.000000
500.000000
500.000000
500.000000
500.000000
500.000000
500.000000
500.000000
500.000000
500.000000
500.000000
500.000000
500.000000
500.000000
500.000000
500.000000
500.000000
500.000000
500.000000
500.000000
500.000000
500.000000
500.000000
500.000000
500.000000
500.000000
500.000000
500.000000
500.000000
500.000000
500.000000
500.000000
500.000000
500.000000
500.000000
500.000000
500.000000
500.000000
500.000000
500.000000
500.000000
500.000000
500.000000
500.000000
500.000000
500.000000
500.000000
500.000000
500.000000
500.000000
500.000000
500.000000
500.000000
500.000000
500.000000
500.000000
500.000000
500.000000
500.000000
500.000000
500.000000
500.000000
500.000000
500.000000
500.000000
500.000000
500.000000
500.000000
500.000000
500.000000
500.000000
500.000000
500.000000
500.000000
500.000000
500.000000
500.000000
500.000000
500.000000
500.000000
500.000000
500.000000
500.000000
500.000000
500.000000
500.000000
500.000000
500.000000
500.000000
500.000000
500.000000
500.000000
500.000000
500.000000
500.000000
500.000000
500.000000
500.000000
500.000000
500.000000
500.000000
500.000000
500.000000
500.000000
500.000000
500.000000
500.000000
500.000000
500.000000
500.000000
500.000000
500.000000
500.000000
500.000000
500.000000
500.000000
500.000000
500.000000
500.000000
500.000000
500.000000
500.000000
500.000000
500.000000
500.000000
500.000000
500.000000
500.000000
500.000000
500.000000
500.000000
500.000000
500.000000
500.000000
500.000000
500.000000
500.000000
500.000000
500.000000
500.000000
500.000000
500.000000
500.000000
500.000000
500.000000
500.000000
500.000000
500.000000
500.000000
500.000000
500.000000
500.000000
500.000000
500.000000
500.000000
500.000000
500.000000
500.000000
500.000000
500.000000
500.000000
500.000000
500.000000
500.000000
500.000000
500.000000
500.000000
500.000000
500.000000
500.000000
500.000000
500.000000
500.000000
500.000000
500.000000
500.000000
500.000000
500.000000
500.000000
500.000000
500.000000
500.000000
500.000000
500.000000
500.000000
500.000000
500.000000
500.000000
500.000000
500.000000
500.000000
500.000000
500.000000
500.000000
500.000000
500.000000
500.000000
500.000000
500.000000
500.000000
500.000000
500.000000
500.000000
500.000000
500.000000
500.000000
500.000000
500.000000
500.000000
500.000000
500.000000
500.000000
500.000000
500.000000
500.000000
500.000000
500.000000
500.000000
500.000000
500.000000
500.000000
500.000000
500.000000
500.000000
500.000000
500.000000
500.000000
500.000000
500.000000
500.000000
500.000000
500.000000
500.000000
500.000000
500.000000
500.000000
500.000000
500.000000
500.000000
500.000000
500.000000
500.000000
500.000000
500.000000
500.000000
500.000000
500.000000
500.000000
500.000000
500.000000
500.000000
500.000000
500.000000
500.000000
500.000000
500.000000
500.000000
500.000000
500.000000
500.000000
500.000000
500.000000
500.000000
500.000000
500.000000
500.000000
500.000000
500.000000
500.000000
500.000000
500.000000
500.000000
500.000000
500.000000
500.000000
500.000000
500.000000
500.000000
500.000000
500.000000
500.000000
500.000000
500.000000
500.000000
500.000000
500.000000
500.000000
500.000000
500.000000
500.000000
500.000000
500.000000
500.000000
500.000000
500.000000
500.000000
500.000000
500.000000
500.000000
500.000000
500.000000
500.000000
500.000000
500.000000
500.000000
500.000000
500.000000
500.000000
500.000000
500.000000
500.000000
500.000000
500.000000
500.000000
500.000000
500.000000
500.000000
500.000000
500.000000
500.000000
500.000000
500.000000
500.000000
500.000000
500.000000
500.000000
500.000000
500.000000
500.000000
500.000000
500.000000
500.000000
500.000000
500.000000
500.000000
500.000000
500.000000
500.000000
500.000000
500.000000
500.000000
500.000000
500.000000
500.000000
500.000000
500.000000
500.000000
500.000000
500.000000
500.000000
500.000000
500.000000
500.000000
500.000000
500.000000
500.000000
500.000000
500.000000
500.000000
500.000000
500.000000
500.000000
500.000000
500.000000
500.000000
500.000000
500.000000
500.000000
500.000000
500.000000
500.000000
500.000000
500.000000
500.000000
500.000000
500.000000
500.000000
500.000000
500.000000
500.000000
500.000000
500.000000
500.000000
500.000000
500.000000
500.000000
500.000000
500.000000
500.000000
500.000000
500.000000
500.000000
500.000000
500.000000
500.000000
500.000000
500.000000
500.000000
500.000000
500.000000
500.000000
500.000000
500.000000
500.000000
500.000000
500.000000
500.000000
500.000000
500.000000
500.000000
500.000000
500.000000
500.000000
500.000000
500.000000
500.000000
500.000000
500.000000
500.000000
500.000000
500.000000
500.000000
500.000000
500.000000
500.000000
500.000000
500.000000
500.000000
500.000000
500.000000
500.000000
500.000000
500.000000
500.000000
500.000000
500.000000
500.000000
500.000000
500.000000
500.000000
500.000000
500.000000
500.000000
500.000000
500.000000
500.000000
500.000000
500.000000
500.000000
500.000000
500.000000
500.000000
500.000000
500.000000
500.000000
500.000000
500.000000
500.000000
500.000000
500.000000
500.000000
500.000000
500.000000
500.000000
500.000000
500.000000
500.000000
500.000000
500.000000
500.000000
500.000000
500.000000
500.000000
500.000000
500.000000
500.000000
500.000000
500.000000
500.000000
500.000000
500.000000
500.000000
500.000000
500.000000
500.000000
500.000000
500.000000
500.000000
500.000000
500.000000
500.000000
500.000000
500.000000
500.000000
500.000000
500.000000
500.000000
500.000000
500.000000
500.000000
500.000000
500.000000
500.000000
500.000000
500.000000
500.000000
500.000000
500.000000
500.000000
500.000000
500.000000
500.000000
500.000000
500.000000
500.000000
500.000000
500.000000
500.000000
500.000000
500.000000
500.000000
500.000000
500.000000
500.000000
500.000000
500.000000
500.000000
500.000000
500.000000
500.000000
500.000000
500.000000
500.000000
500.000000
500.000000
500.000000
500.000000
500.000000
500.000000
500.000000
500.000000
500.000000
500.000000
500.000000
500.000000
500.000000
500.000000
500.000000
500.000000
500.000000
500.000000
500.000000
500.000000
500.000000
500.000000
500.000000
500.000000
500.000000
500.000000
500.000000
500.000000
500.000000
500.000000
500.000000
500.000000
500.000000
500.000000
500.000000
500.000000
500.000000
500.000000
500.000000
500.000000
500.000000
500.000000
500.000000
500.000000
500.000000
500.000000
500.000000
500.000000
500.000000
500.000000
500.000000
500.000000
500.000000
500.000000
500.000000
500.000000
500.000000
500.000000
500.000000
500.000000
500.000000
500.000000
500.000000
500.000000
500.000000
500.000000
500.000000
500.000000
500.000000
500.000000
500.000000
500.000000
500.000000
500.000000
500.000000
500.000000
500.000000
500.000000
500.000000
500.000000
500.000000
500.000000
500.000000
500.000000
500.000000
500.000000
500.000000
500.000000
500.000000
500.000000
500.000000
500.000000
500.000000
500.000000
500.000000
500.000000
500.000000
500.000000
500.000000
500.000000
500.000000
500.000000
500.000000
500.000000
500.000000
500.000000
500.000000
500.000000
500.000000
500.000000
500.000000
500.000000
500.000000
400.000000
400.000000
400.000000
400.000000
400.000000
400.000000
400.000000
400.000000
400.000000
400.000000
400.000000
400.000000
400.000000
400.000000
400.000000
400.000000
400.000031
400.000031
400.000061
400.000061
400.000153
400.000153
400.000305
400.000305
400.000610
400.000610
400.001099
400.001099
400.001984
400.001984
400.003174
400.003174
400.004913
400.004913
400.007507
400.007507
400.011200
400.011200
400.015778
400.015778
400.021851
400.021851
400.029816
400.029816
400.039581
400.039581
400.051544
400.051544
400.066406
400.066406
400.084167
400.084167
400.104767
400.104767
400.128906
400.128906
400.156525
400.156525
400.187653
400.187653
400.222198
400.222198
400.260101
400.260101
400.301422
400.301422
400.345703
400.345703
400.392273
400.392273
400.441132
400.441132
400.491974
400.491974
400.543488
400.543488
400.595825
400.595825
400.648895
400.648895
400.702393
400.702393
400.755920
400.755920
400.809448
400.809448
400.863434
400.863434
400.919067
400.919067
400.976593
400.976593
401.036499
401.036499
401.103546
401.103546
401.178101
401.178101
401.260193
401.260193
401.354858
401.354858
401.467133
401.467133
401.597046
401.597046
401.748169
401.748169
401.929260
401.929260
402.140472
402.140472
402.383087
402.383087
402.666107
402.666107
402.990723
402.990723
403.356812
403.356812
403.767731
403.767731
404.226776
404.226776
404.733765
404.733765
405.287415
405.287415
405.888580
405.888580
406.537659
406.537659
407.232208
407.232208
407.968262
407.968262
408.749634
408.749634
409.576050
409.576050
410.450287
410.450287
411.375214
411.375214
412.350433
412.350433
413.381287
413.381287
414.489838
414.489838
415.677826
415.677826
416.949982
416.949982
418.358734
418.358734
419.916046
419.916046
421.620239
421.620239
423.532166
423.532166
425.711151
425.711151
428.153076
428.153076
430.899506
430.899506
434.069916
434.069916
437.661804
437.661804
441.682465
441.682465
446.286438
446.286438
451.494690
451.494690
457.286774
457.286774
463.773682
463.773682
471.057465
471.057465
479.101990
479.101990
487.939087
487.939087
497.771820
497.771820
508.563599
508.563599
520.272766
520.272766
533.199219
533.199219
547.389404
547.389404
562.747681
562.747681
579.643677
579.643677
598.394531
598.394531
618.831848
618.831848
641.186279
641.186279
666.479675
666.479675
694.479431
694.479431
725.077209
725.077209
760.283325
760.283325
800.126648
800.126648
843.950317
843.950317
894.343994
894.343994
953.242249
953.242249
400.000000
400.000000
400.000000
400.000000
400.000000
400.000000
400.000000
400.000000
400.000000
400.000000
400.000000
400.000000
400.000000
400.000000
400.000000
400.000000
400.000031
400.000031
400.000061
400.000061
400.000153
400.000153
400.000305
400.000305
400.000610
400.000610
400.001099
400.001099
400.001984
400.001984
400.003174
400.003174
400.004913
400.004913
400.007507
400.007507
400.011200
400.011200
400.015778
400.015778
400.021851
400.021851
400.029816
400.029816
400.039581
400.039581
400.051544
400.051544
400.066406
400.066406
400.084167
400.084167
400.104767
400.104767
400.128906
400.128906
400.156525
400.156525
400.187653
400.187653
400.222198
400.222198
400.260101
400.260101
400.301422
400.301422
400.345703
400.345703
400.392273
400.392273
400.441132
400.441132
400.491974
400.491974
400.543488
400.543488
400.595825
400.595825
400.648895
400.648895
400.702393
400.702393
400.755920
400.755920
400.809448
400.809448
400.863434
400.863434
400.919067
400.919067
400.976593
400.976593
401.036499
401.036499
401.103546
401.103546
401.178101
401.178101
401.260193
401.260193
401.354858
401.354858
401.467133
401.467133
401.597046
401.597046
401.748169
401.748169
401.929260
401.929260
402.140472
402.140472
402.383087
402.383087
402.666107
402.666107
402.990723
402.990723
403.356812
403.356812
403.767731
403.767731
404.226776
404.226776
404.733765
404.733765
405.287415
405.287415
405.888580
405.888580
406.537659
406.537659
407.232208
407.232208
407.968262
407.968262
408.749634
408.749634
409.576050
409.576050
410.450287
410.450287
411.375214
411.375214
412.350433
412.350433
413.381287
413.381287
414.489838
414.489838
415.677826
415.677826
416.949982
416.949982
418.358734
418.358734
419.916046
419.916046
421.620239
421.620239
423.532166
423.532166
425.711151
425.711151
428.153076
428.153076
430.899506
430.899506
434.069916
434.069916
437.661804
437.661804
441.682465
441.682465
446.286438
446.286438
451.494690
451.494690
457.286774
457.286774
463.773682
463.773682
471.057465
471.057465
479.101990
479.101990
487.939087
487.939087
497.771820
497.771820
508.563599
508.563599
520.272766
520.272766
533.199219
533.199219
547.389404
547.389404
562.747681
562.747681
579.643677
579.643677
598.394531
598.394531
618.831848
618.831848
641.186279
641.186279
666.479675
666.479675
694.479431
694.479431
725.077209
725.077209
760.283325
760.283325
800.126648
800.126648
843.950317
843.950317
894.343994
894.343994
953.242249
953.242249
400.000000
400.000000
400.000000
400.000000
400.000000
400.000000
400.000000
400.000000
400.000000
400.000000
400.000000
400.000000
400.000000
400.000000
400.000000
400.000000
400.000031
400.000031
400.000061
400.000061
400.000153
400.000153
400.000305
400.000305
400.000610
400.000610
400.001099
400.001099
400.001984
400.001984
400.003174
400.003174
400.004913
400.004913
400.007507
400.007507
400.011200
400.011200
400.015778
400.015778
400.021851
400.021851
400.029816
400.029816
400.039581
400.039581
400.051544
400.051544
400.066406
400.066406
400.084167
400.084167
400.104767
400.104767
400.128906
400.128906
400.156525
400.156525
400.187653
400.187653
400.222198
400.222198
400.260101
400.260101
400.301422
400.301422
400.345703
400.345703
400.392273
400.392273
400.441132
400.441132
400.491974
400.491974
400.543488
400.543488
400.595825
400.595825
400.648895
400.648895
400.702393
400.702393
400.755920
400.755920
400.809448
400.809448
400.863434
400.863434
400.919067
400.919067
400.976593
400.976593
401.036499
401.036499
401.103546
401.103546
401.178101
401.178101
401.260193
401.260193
401.354858
401.354858
401.467133
401.467133
401.597046
401.597046
401.748169
401.748169
401.929260
401.929260
402.140472
402.140472
402.383087
402.383087
402.666107
402.666107
402.990723
402.990723
403.356812
403.356812
403.767731
403.767731
404.226776
404.226776
404.733765
404.733765
405.287415
405.287415
405.888580
405.888580
406.537659
406.537659
407.232208
407.232208
407.968262
407.968262
408.749634
408.749634
409.576050
409.576050
410.450287
410.450287
411.375214
411.375214
412.350433
412.350433
413.381287
413.381287
414.489838
414.489838
415.677826
415.677826
416.949982
416.949982
418.358734
418.358734
419.916046
419.916046
421.620239
421.620239
423.532166
423.532166
425.711151
425.711151
428.153076
428.153076
430.899506
430.899506
434.069916
434.069916
437.661804
437.661804
441.682465
441.682465
446.286438
446.286438
451.494690
451.494690
457.286774
457.286774
463.773682
463.773682
471.057465
471.057465
479.101990
479.101990
487.939087
487.939087
497.771820
497.771820
508.563599
508.563599
520.272766
520.272766
533.199219
533.199219
547.389404
547.389404
562.747681
562.747681
579.643677
579.643677
598.394531
598.394531
618.831848
618.831848
641.186279
641.186279
666.479675
666.479675
694.479431
694.479431
725.077209
725.077209
760.283325
760.283325
800.126648
800.126648
843.950317
843.950317
894.343994
894.343994
953.242249
953.242249
400.000000
400.000000
400.000000
400.000000
400.000000
400.000000
400.000000
400.000000
400.000000
400.000000
400.000000
400.000000
400.000000
400.000000
400.000000
400.000000
400.000031
400.000031
400.000061
400.000061
400.000153
400.000153
400.000305
400.000305
400.000610
400.000610
400.001099
400.001099
400.001984
400.001984
400.003174
400.003174
400.004913
400.004913
400.007507
400.007507
400.011200
400.011200
400.015778
400.015778
400.021851
400.021851
400.029816
400.029816
400.039581
400.039581
400.051544
400.051544
400.066406
400.066406
400.084167
400.084167
400.104767
400.104767
400.128906
400.128906
400.156525
400.156525
400.187653
400.187653
400.222198
400.222198
400.260101
400.260101
400.301422
400.301422
400.345703
400.345703
400.392273
400.392273
400.441132
400.441132
400.491974
400.491974
400.543488
400.543488
400.595825
400.595825
400.648895
400.648895
400.702393
400.702393
400.755920
400.755920
400.809448
400.809448
400.863434
400.863434
400.919067
400.919067
400.976593
400.976593
401.036499
401.036499
401.103546
401.103546
401.178101
401.178101
401.260193
401.260193
401.354858
401.354858
401.467133
401.467133
401.597046
401.597046
401.748169
401.748169
401.929260
401.929260
402.140472
402.140472
402.383087
402.383087
402.666107
402.666107
402.990723
402.990723
403.356812
403.356812
403.767731
403.767731
404.226776
404.226776
404.733765
404.733765
405.287415
405.287415
405.888580
405.888580
406.537659
406.537659
407.232208
407.232208
407.968262
407.968262
408.749634
408.749634
409.576050
409.576050
410.450287
410.450287
411.375214
411.375214
412.350433
412.350433
413.381287
413.381287
414.489838
414.489838
415.677826
415.677826
416.949982
416.949982
418.358734
418.358734
419.916046
419.916046
421.620239
421.620239
423.532166
423.532166
425.711151
425.711151
428.153076
428.153076
430.899506
430.899506
434.069916
434.069916
437.661804
437.661804
441.682465
441.682465
446.286438
446.286438
451.494690
451.494690
457.286774
457.286774
463.773682
463.773682
471.057465
471.057465
479.101990
479.101990
487.939087
487.939087
497.771820
497.771820
508.563599
508.563599
520.272766
520.272766
533.199219
533.199219
547.389404
547.389404
562.747681
562.747681
579.643677
579.643677
598.394531
598.394531
618.831848
618.831848
641.186279
641.186279
666.479675
666.479675
694.479431
694.479431
725.077209
725.077209
760.283325
760.283325
800.126648
800.126648
843.950317
843.950317
894.343994
894.343994
953.242249
953.242249
400.000000
400.000000
400.000000
400.000000
400.000000
400.000000
400.000000
400.000000
400.000000
400.000000
400.000000
400.000000
400.000000
400.000000
400.000000
400.000000
400.000031
400.000031
400.000061
400.000061
400.000153
400.000153
400.000305
400.000305
400.000610
400.000610
400.001099
400.001099
400.001984
400.001984
400.003174
400.003174
400.004913
400.004913
400.007507
400.007507
400.011200
400.011200
400.015778
400.015778
400.021851
400.021851
400.029816
400.029816
400.039581
400.039581
400.051544
400.051544
400.066406
400.066406
400.084167
400.084167
400.104767
400.104767
400.128906
400.128906
400.156525
400.156525
400.187653
400.187653
400.222198
400.222198
400.260101
400.260101
400.301422
400.301422
400.345703
400.345703
400.392273
400.392273
400.441132
400.441132
400.491974
400.491974
400.543488
400.543488
400.595825
400.595825
400.648895
400.648895
400.702393
400.702393
400.755920
400.755920
400.809448
400.809448
400.863434
400.863434
400.919067
400.919067
400.976593
400.976593
401.036499
401.036499
401.103546
401.103546
401.178101
401.178101
401.260193
401.260193
401.354858
401.354858
401.467133
401.467133
401.597046
401.597046
401.748169
401.748169
401.929260
401.929260
402.140472
402.140472
402.383087
402.383087
402.666107
402.666107
402.990723
402.990723
403.356812
403.356812
403.767731
403.767731
404.226776
404.226776
404.733765
404.733765
405.287415
405.287415
405.888580
405.888580
406.537659
406.537659
407.232208
407.232208
407.968262
407.968262
408.749634
408.749634
409.576050
409.576050
410.450287
410.450287
411.375214
411.375214
412.350433
412.350433
413.381287
413.381287
414.489838
414.489838
415.677826
415.677826
416.949982
416.949982
418.358734
418.358734
419.916046
419.916046
421.620239
421.620239
423.532166
423.532166
425.711151
425.711151
428.153076
428.153076
430.899506
430.899506
434.069916
434.069916
437.661804
437.661804
441.682465
441.682465
446.286438
446.286438
451.494690
451.494690
457.286774
457.286774
463.773682
463.773682
471.057465
471.057465
479.101990
479.101990
487.939087
487.939087
497.771820
497.771820
508.563599
508.563599
520.272766
520.272766
533.199219
533.199219
547.389404
547.389404
562.747681
562.747681
579.643677
579.643677
598.394531
598.394531
618.831848
618.831848
641.186279
641.186279
666.479675
666.479675
694.479431
694.479431
725.077209
725.077209
760.283325
760.283325
800.126648
800.126648
843.950317
843.950317
894.343994
894.343994
953.242249
953.242249
400.000000
400.000000
400.000000
400.000000
400.000000
400.000000
400.000000
400.000000
400.000000
400.000000
400.000000
400.000000
400.000000
400.000000
400.000000
400.000000
400.000031
400.000031
400.000061
400.000061
400.000153
400.000153
400.000305
400.000305
400.000610
400.000610
400.001099
400.001099
400.001984
400.001984
400.003174
400.003174
400.004913
400.004913
400.007507
400.007507
400.011200
400.011200
400.015778
400.015778
400.021851
400.021851
400.029816
400.029816
400.039581
400.039581
400.051544
400.051544
400.066406
400.066406
400.084167
400.084167
400.104767
400.104767
400.128906
400.128906
400.156525
400.156525
400.187653
400.187653
400.222198
400.222198
400.260101
400.260101
400.301422
400.301422
400.345703
400.345703
400.392273
400.392273
400.441132
400.441132
400.491974
400.491974
400.543488
400.543488
400.595825
400.595825
400.648895
400.648895
400.702393
400.702393
400.755920
400.755920
400.809448
400.809448
400.863434
400.863434
400.919067
400.919067
400.976593
400.976593
401.036499
401.036499
401.103546
401.103546
401.178101
401.178101
401.260193
401.260193
401.354858
401.354858
401.467133
401.467133
401.597046
401.597046
401.748169
401.748169
401.929260
401.929260
402.140472
402.140472
402.383087
402.383087
402.666107
402.666107
402.990723
402.990723
403.356812
403.356812
403.767731
403.767731
404.226776
404.226776
404.733765
404.733765
405.287415
405.287415
405.888580
405.888580
406.537659
406.537659
407.232208
407.232208
407.968262
407.968262
408.749634
408.749634
409.576050
409.576050
410.450287
410.450287
411.375214
411.375214
412.350433
412.350433
413.381287
413.381287
414.489838
414.489838
415.677826
415.677826
416.949982
416.949982
418.358734
418.358734
419.916046
419.916046
421.620239
421.620239
423.532166
423.532166
425.711151
425.711151
428.153076
428.153076
430.899506
430.899506
434.069916
434.069916
437.661804
437.661804
441.682465
441.682465
446.286438
446.286438
451.494690
451.494690
457.286774
457.286774
463.773682
463.773682
471.057465
471.057465
479.101990
479.101990
487.939087
487.939087
497.771820
497.771820
508.563599
508.563599
520.272766
520.272766
533.199219
533.199219
547.389404
547.389404
562.747681
562.747681
579.643677
579.643677
598.394531
598.394531
618.831848
618.831848
641.186279
641.186279
666.479675
666.479675
694.479431
694.479431
725.077209
725.077209
760.283325
760.283325
800.126648
800.126648
843.950317
843.950317
894.343994
894.343994
953.242249
953.242249
400.000000
400.000000
400.000000
400.000000
400.000000
400.000000
400.000000
400.000000
400.000000
400.000000
400.000000
400.000000
400.000000
400.000000
400.000000
400.000000
400.000031
400.000031
400.000061
400.000061
400.000153
400.000153
400.000305
400.000305
400.000610
400.000610
400.001099
400.001099
400.001984
400.001984
400.003174
400.003174
400.004913
400.004913
400.007507
400.007507
400.011200
400.011200
400.015778
400.015778
400.021851
400.021851
400.029816
400.029816
400.039581
400.039581
400.051544
400.051544
400.066406
400.066406
400.084167
400.084167
400.104767
400.104767
400.128906
400.128906
400.156525
400.156525
400.187653
400.187653
400.222198
400.222198
400.260101
400.260101
400.301422
400.301422
400.345703
400.345703
400.392273
400.392273
400.441132
400.441132
400.491974
400.491974
400.543488
400.543488
400.595825
400.595825
400.648895
400.648895
400.702393
400.702393
400.755920
400.755920
400.809448
400.809448
400.863434
400.863434
400.919067
400.919067
400.976593
400.976593
401.036499
401.036499
401.103546
401.103546
401.178101
401.178101
401.260193
401.260193
401.354858
401.354858
401.467133
401.467133
401.597046
401.597046
401.748169
401.748169
401.929260
401.929260
402.140472
402.140472
402.383087
402.383087
402.666107
402.666107
402.990723
402.990723
403.356812
403.356812
403.767731
403.767731
404.226776
404.226776
404.733765
404.733765
405.287415
405.287415
405.888580
405.888580
406.537659
406.537659
407.232208
407.232208
407.968262
407.968262
408.749634
408.749634
409.576050
409.576050
410.450287
410.450287
411.375214
411.375214
412.350433
412.350433
413.381287
413.381287
414.489838
414.489838
415.677826
415.677826
416.949982
416.949982
418.358734
418.358734
419.916046
419.916046
421.620239
421.620239
423.532166
423.532166
425.711151
425.711151
428.153076
428.153076
430.899506
430.899506
434.069916
434.069916
437.661804
437.661804
441.682465
441.682465
446.286438
446.286438
451.494690
451.494690
457.286774
457.286774
463.773682
463.773682
471.057465
471.057465
479.101990
479.101990
487.939087
487.939087
497.771820
497.771820
508.563599
508.563599
520.272766
520.272766
533.199219
533.199219
547.389404
547.389404
562.747681
562.747681
579.643677
579.643677
598.394531
598.394531
618.831848
618.831848
641.186279
641.186279
666.479675
666.479675
694.479431
694.479431
725.077209
725.077209
760.283325
760.283325
800.126648
800.126648
843.950317
843.950317
894.343994
894.343994
953.242249
953.242249
